  5.9140000e+001
  7.8000000e+001
  5.9140000e+001
 -7.8000000e+001
  3.7980000e+001
 -9.0220000e+001
 -9.7120000e+001
 -1.2220000e+001
 -9.7120000e+001
  1.2220000e+001
  3.7980000e+001
  9.0220000e+001
  8.3140000e+001
  3.0000000e+000
  8.3140000e+001
 -3.0000000e+000
 -3.8970000e+001
 -7.3500000e+001
 -4.4170000e+001
 -7.0500000e+001
 -4.4170000e+001
  7.0500000e+001
 -3.8970000e+001
  7.3500000e+001
 -1.0000000e+002
  1.0000000e+002
 -1.0000000e+002
  1.0000000e+002
 -1.0000000e+002
  1.0000000e+002
 -1.0000000e+002
  1.0000000e+002
 -1.0000000e+002
  1.0000000e+002
 -2.0000000e+002
  2.0000000e+002
  1.6210700e+002
  1.1689100e+002
  1.6210600e+002
  1.1689000e+002
  1.6210400e+002
  1.1689100e+002
  0.0000000e+000
  0.0000000e+000
 -3.0000000e+001
  0.0000000e+000
  0.0000000e+000
  0.0000000e+000
